V1	V2	V3	V4	V5
SNP.183	0.417270699170346	0.0790511088452392	5.27849267727857	1.30250870375763e-07
SNP.297	0.523809057552052	0.080786065687208	6.48390354321951	8.93793755138896e-11
SNP.573	0.94976447063487	0.0990895061359312	9.58491476718009	9.25340145816176e-22
SNP.651	0.495829283861571	0.0873458635437667	5.67662009103756	1.37382118582909e-08
SNP.942	0.329831223141593	0.0809720954697412	4.07339369480501	4.63330047737539e-05
SNP.100	0.278454880993337	0.0753208477665141	3.6969164481063	0.000218234127837821
SNP.278	0.370296460137511	0.0759786862065139	4.87368864382607	1.09533574700478e-06
SNP.502	0.345472400906474	0.0772037133452394	4.47481585971897	7.64771934715509e-06
SNP.900	0.201117897519862	0.0763191246412465	2.63522280247917	0.00840820715394082
